# 손으로 표기한 온셋 — 검출기와 무관하다
# 670개 · 오디오 210.2초
# 시각(초)만 적는다. 음정은 기존 정답지의 라벨을 시각으로 맞춰 쓴다.

0.757 2.089 2.329 2.588 4.089 4.355 4.589 4.828 6.203 6.443 6.632 7.358 7.571 8.033 8.313 8.561
8.801 10.142 10.361 10.582 12.073 12.302 12.582 12.822 14.113 14.361 14.633 16.921 17.342 17.862 18.353 18.611
19.113 19.593 19.822 20.382 20.891 21.393 21.902 22.153 22.371 22.622 23.091 23.593 24.091 24.331 24.571 24.822
25.321 25.851 26.371 26.601 27.113 27.582 27.833 28.361 28.873 29.371 29.891 30.121 30.342 30.611 31.081 31.633
32.091 32.361 32.582 32.833 33.102 33.371 33.622 33.881 34.142 34.393 34.633 34.851 35.121 35.382 35.622 35.851
36.121 36.382 36.622 36.891 37.131 37.353 37.582 37.841 38.102 38.371 38.633 38.873 39.113 39.371 39.611 39.881
40.113 40.361 40.633 40.881 41.161 41.393 41.633 41.881 42.153 42.382 42.611 42.862 43.081 43.342 43.601 43.862
44.113 44.371 44.601 44.902 45.153 45.411 45.651 45.891 46.131 46.361 46.593 47.062 47.342 47.513 47.841 47.953
48.211 48.382 48.521 48.891 49.131 49.371 49.601 49.873 50.113 50.393 50.633 50.881 51.142 51.393 51.611 51.902
52.131 52.371 52.651 52.881 53.121 53.393 53.601 53.881 54.113 54.371 54.611 54.851 55.113 55.371 55.622 55.873
56.171 56.382 56.641 56.873 57.161 57.382 57.651 57.913 58.153 58.393 58.622 58.881 59.171 59.401 59.641 59.931
60.182 60.433 60.673 60.961 61.211 61.422 61.673 61.921 62.171 62.382 62.641 62.902 63.161 63.422 63.681 63.913
64.182 64.401 64.633 64.913 65.142 65.401 65.622 65.891 66.161 66.433 66.662 66.942 67.142 67.422 67.651 67.931
68.182 68.411 68.691 68.891 69.182 69.433 69.673 69.921 70.182 70.382 70.633 70.881 71.142 71.393 71.651 71.913
72.121 72.371 72.633 72.891 73.153 73.422 73.681 73.953 74.161 74.433 74.651 74.921 75.142 75.411 75.633 75.902
76.193 76.411 76.681 76.891 77.182 77.401 77.691 77.931 78.153 78.393 78.633 80.856 82.099 82.368 82.608 84.118
84.470 84.699 84.928 86.070 86.339 86.630 87.358 87.608 88.078 88.339 88.598 88.859 89.310 89.848 90.358 90.630
91.118 91.579 91.838 92.358 92.859 93.379 93.870 94.139 94.390 94.638 95.088 95.590 96.099 96.350 96.608 96.838
97.128 97.368 97.608 97.859 98.118 98.358 98.598 98.830 99.088 99.358 99.608 99.859 100.128 100.368 100.638 100.899
101.139 101.358 101.619 101.870 102.128 102.390 102.619 102.859 103.110 103.368 103.638 103.870 104.128 104.379 104.630 104.910
105.150 105.390 105.659 105.899 106.139 106.379 106.638 106.888 107.139 107.390 107.638 107.888 108.150 108.390 108.638 108.888
109.150 109.390 109.659 109.899 110.139 110.350 110.598 111.118 111.350 111.488 111.928 112.158 112.398 112.539 112.888 113.128
113.358 113.590 113.878 114.118 114.379 114.619 114.888 115.128 115.350 115.598 115.848 116.110 116.368 116.659 116.899 117.150
117.398 117.619 117.870 118.118 118.379 118.638 118.888 119.139 119.390 119.608 119.859 120.150 120.379 120.608 120.878 121.150
121.368 121.638 121.910 122.150 122.398 122.670 122.910 123.150 123.398 123.659 123.878 124.118 124.379 124.638 124.888 125.158
125.379 125.638 125.899 126.139 126.390 126.638 126.910 127.128 127.408 127.638 127.878 128.150 128.390 128.866 129.125 129.375
129.637 129.895 130.157 130.426 130.695 130.935 131.186 131.415 131.645 131.906 132.146 132.397 132.645 132.895 133.165 133.437
133.685 133.917 134.157 134.405 134.645 134.906 135.157 135.405 135.645 135.906 136.157 136.397 136.637 136.885 137.157 137.415
137.655 137.906 138.165 138.415 138.645 138.906 139.165 139.397 139.666 139.895 140.135 140.386 140.655 140.906 141.146 141.386
141.637 141.885 142.125 142.397 142.615 142.855 144.197 144.405 144.925 145.146 145.397 145.645 145.895 146.146 146.397 146.637
146.877 147.117 147.357 147.597 147.855 148.095 148.335 148.586 148.855 149.135 149.375 149.637 149.885 150.106 150.346 150.626
150.877 151.135 151.375 151.615 151.855 152.117 152.335 152.597 152.845 153.135 153.375 153.645 153.895 154.146 154.375 154.655
154.906 155.135 155.397 155.637 155.895 156.135 156.415 156.637 156.895 157.146 157.405 157.655 157.906 158.165 158.405 158.645
160.881 162.852 164.841 166.881 168.113 168.361 168.622 168.873 169.342 169.833 170.372 170.612 171.121 171.582 171.833 172.382
172.852 173.342 173.862 174.132 174.361 174.612 175.096 175.358 175.598 175.846 176.086 176.358 176.627 177.347 178.627 179.086
179.326 179.587 179.827 180.118 180.366 180.616 180.856 181.118 181.366 181.616 181.878 182.126 182.398 182.646 182.886 183.126
183.387 183.606 183.846 184.096 184.336 184.587 184.846 185.126 185.376 185.656 185.878 186.136 186.387 186.627 186.886 187.118
187.366 187.606 187.867 188.136 188.376 188.627 188.886 189.136 189.366 189.627 189.878 190.147 190.406 190.646 190.896 191.158
191.376 191.646 191.886 192.147 192.398 192.627 192.867 193.136 193.376 193.616 193.896 194.166 194.416 194.656 194.896 195.136
195.366 195.598 195.838 196.118 196.358 196.627 196.886 197.147 197.376 197.646 197.867 198.107 198.387 198.627 198.878 199.147
199.387 199.606 199.878 200.118 200.366 200.638 200.907 201.158 201.406 201.638 201.918 202.136 202.376 202.638 202.886 203.126
203.398 203.638 203.886 204.147 204.376 204.656 204.918 205.147 205.387 205.627 205.867 206.136 206.376 206.638
